nnodes narcs type
13 78 digraph
nodename
13
12
11
10
9
8
7
6
5
4
3
2
1
tail head weight
12 13 791
13 12 791
11 13 674
13 11 674
11 12 694
12 11 694
10 13 100
13 10 100
10 12 872
12 10 872
10 11 771
11 10 771
9 13 46
13 9 46
9 12 758
12 9 758
9 11 629
11 9 629
9 10 146
10 9 146
8 13 968
13 8 968
8 12 218
12 8 218
8 11 714
11 8 714
8 10 1056
10 8 1056
8 9 930
9 8 930
7 13 633
13 7 633
7 12 712
12 7 712
7 11 1101
11 7 1101
7 10 628
10 7 628
7 9 645
9 7 645
7 8 928
8 7 928
6 13 365
13 6 365
6 12 434
12 6 434
6 11 497
11 6 497
6 10 456
10 6 456
6 9 328
9 6 328
6 8 602
8 6 602
6 7 604
7 6 604
5 13 648
13 5 648
5 12 484
12 5 484
5 11 964
11 5 964
5 10 679
10 5 679
5 9 643
9 5 643
5 8 697
8 5 697
5 7 235
7 5 235
5 6 482
6 5 482
4 13 928
13 4 928
4 12 137
12 4 137
4 11 790
11 4 790
4 10 1008
10 4 1008
4 9 896
9 4 896
4 8 151
8 4 151
4 7 803
7 4 803
4 6 572
6 4 572
4 5 569
5 4 569
3 13 777
13 3 777
3 12 458
12 3 458
3 11 294
11 3 294
3 10 878
10 3 878
3 9 732
9 3 732
3 8 429
8 3 429
3 7 1026
7 3 1026
3 6 469
6 3 469
3 5 841
5 3 841
3 4 525
4 3 525
2 13 269
13 2 269
2 12 527
12 2 527
2 11 613
11 2 613
2 10 344
10 2 344
2 9 244
9 2 244
2 8 716
8 2 716
2 7 501
7 2 501
2 6 142
6 2 142
2 5 430
5 2 430
2 4 664
4 2 664
2 3 610
3 2 610
1 13 252
13 1 252
1 12 575
12 1 575
1 11 473
11 1 473
1 10 350
10 1 350
1 9 208
9 1 208
1 8 731
8 1 731
1 7 659
7 1 659
1 6 142
6 1 142
1 5 581
5 1 581
1 4 711
4 1 711
1 3 529
3 1 529
1 2 158
2 1 158
