nnodes narcs type
8 28 digraph
nodename
8
7
6
5
4
3
2
1
tail head weight
7 8 205
8 7 205
6 8 591
8 6 591
6 7 386
7 6 386
5 8 166
8 5 166
5 7 251
7 5 251
5 6 587
6 5 587
4 8 534
8 4 534
4 7 374
7 4 374
4 6 341
6 4 341
4 5 624
5 4 624
3 8 240
8 3 240
3 7 408
7 3 408
3 6 782
6 3 782
3 5 388
5 3 388
3 4 625
4 3 625
2 8 124
8 2 124
2 7 133
7 2 133
2 6 495
6 2 495
2 5 119
5 2 119
2 4 504
4 2 504
2 3 363
3 2 363
1 8 835
8 1 835
1 7 636
7 1 636
1 6 266
6 1 266
1 5 799
5 1 799
1 4 581
4 1 581
1 3 1040
3 1 1040
1 2 726
2 1 726
