nnodes narcs type
7 21 digraph
nodename
7
6
5
4
3
2
1
tail head weight
6 7 368
7 6 368
5 7 927
7 5 927
5 6 570
6 5 570
4 7 79
7 4 79
4 6 396
6 4 396
4 5 934
5 4 934
3 7 1026
7 3 1026
3 6 739
6 3 739
3 5 362
5 3 362
3 4 1005
4 3 1005
2 7 752
7 2 752
2 6 547
6 2 547
2 5 494
5 2 494
2 4 716
4 2 716
2 3 326
3 2 326
1 7 860
7 1 860
1 6 682
6 1 682
1 5 589
5 1 589
1 4 817
4 1 817
1 3 333
3 1 333
1 2 138
2 1 138
