nnodes narcs type
12 66 digraph
nodename
12
11
10
9
8
7
6
5
4
3
2
1
tail head weight
11 12 688
12 11 688
10 12 99
12 10 99
10 11 725
11 10 725
9 12 482
12 9 482
9 11 970
11 9 970
9 10 382
10 9 382
8 12 294
12 8 294
8 11 780
11 8 780
8 10 197
10 8 197
8 9 208
9 8 208
7 12 268
12 7 268
7 11 421
11 7 421
7 10 319
10 7 319
7 9 644
9 7 644
7 8 436
8 7 436
6 12 501
12 6 501
6 11 787
11 6 787
6 10 600
10 6 600
6 9 978
9 6 978
6 8 795
8 6 795
6 7 510
7 6 510
5 12 89
12 5 89
5 11 773
11 5 773
5 10 83
10 5 83
5 9 428
9 5 428
5 8 265
8 5 265
5 7 355
7 5 355
5 6 550
6 5 550
4 12 723
12 4 723
4 11 52
11 4 52
4 10 754
10 4 754
4 9 982
9 4 982
4 8 798
8 4 798
4 7 459
7 4 459
4 6 839
6 4 839
4 5 806
5 4 806
3 12 330
12 3 330
3 11 483
11 3 483
3 10 307
10 3 307
3 9 486
9 3 486
3 8 299
8 3 299
3 7 234
7 3 234
3 6 729
6 3 729
3 5 383
5 3 383
3 4 499
4 3 499
2 12 502
12 2 502
2 11 963
11 2 963
2 10 402
10 2 402
2 9 38
9 2 38
2 8 219
8 2 219
2 7 651
7 2 651
2 6 1001
6 2 1001
2 5 453
5 2 453
2 4 974
4 2 974
2 3 481
3 2 481
1 12 556
12 1 556
1 11 529
11 1 529
1 10 511
10 1 511
1 9 536
9 1 536
1 8 420
8 1 420
1 7 452
7 1 452
1 6 959
6 1 959
1 5 594
5 1 594
1 4 521
4 1 521
1 3 235
3 1 235
1 2 515
2 1 515
