nnodes narcs type
15 105 digraph
nodename
15
14
13
12
11
10
9
8
7
6
5
4
3
2
1
tail head weight
14 15 462
15 14 462
13 15 552
15 13 552
13 14 110
14 13 110
12 15 643
15 12 643
12 14 1021
14 12 1021
12 13 1070
13 12 1070
11 15 405
15 11 405
11 14 122
14 11 122
11 13 158
13 11 158
11 12 915
12 11 915
10 15 496
15 10 496
10 14 809
14 10 809
10 13 847
13 10 847
10 12 238
12 10 238
10 11 696
11 10 696
9 15 374
15 9 374
9 14 806
14 9 806
9 13 877
13 9 877
9 12 295
12 9 295
9 11 719
11 9 719
9 10 278
10 9 278
8 15 200
15 8 200
8 14 595
14 8 595
8 13 663
13 8 663
8 12 448
12 8 448
8 11 506
11 8 506
8 10 299
10 8 299
8 9 213
9 8 213
7 15 601
15 7 601
7 14 716
14 7 716
7 13 714
13 7 714
7 12 534
12 7 534
7 11 594
11 7 594
7 10 314
10 7 314
7 9 560
9 7 560
7 8 465
8 7 465
6 15 287
15 6 287
6 14 204
14 6 204
6 13 272
13 6 272
6 12 817
12 6 817
6 11 118
11 6 118
6 10 609
10 6 609
6 9 606
9 6 606
6 8 393
8 6 393
6 7 556
7 6 556
5 15 82
15 5 82
5 14 393
14 5 393
5 13 488
13 5 488
5 12 722
12 5 722
5 11 350
11 5 350
5 10 565
10 5 565
5 9 457
9 5 457
5 8 275
8 5 275
5 7 638
7 5 638
5 6 238
6 5 238
4 15 285
15 4 285
4 14 624
14 4 624
4 13 679
13 4 679
4 12 397
12 4 397
4 11 522
11 4 522
4 10 212
10 4 212
4 9 230
9 4 230
4 8 99
8 4 99
4 7 372
7 4 372
4 6 420
6 4 420
4 5 353
5 4 353
3 15 348
15 3 348
3 14 659
14 3 659
3 13 705
13 3 705
3 12 364
12 3 364
3 11 551
11 3 551
3 10 156
10 3 156
3 9 253
9 3 253
3 8 163
8 3 163
3 7 319
7 3 319
3 6 457
6 3 457
3 5 412
5 3 412
3 4 64
4 3 64
2 15 629
15 2 629
2 14 861
14 2 861
2 13 879
13 2 879
2 12 340
12 2 340
2 11 741
11 2 741
2 10 175
10 2 175
2 9 454
9 2 454
2 8 445
8 2 445
2 7 211
7 2 211
2 6 676
6 2 676
2 5 687
5 2 687
2 4 348
4 2 348
2 3 283
3 2 283
1 15 78
15 1 78
1 14 540
14 1 540
1 13 630
13 1 630
1 12 595
12 1 595
1 11 482
11 1 482
1 10 474
10 1 474
1 9 314
9 1 314
1 8 176
8 1 176
1 7 621
7 1 621
1 6 364
6 1 364
1 5 153
5 1 153
1 4 273
4 1 273
1 3 338
3 1 338
1 2 621
2 1 621
