nnodes narcs type
6 15 digraph
nodename
6
5
4
3
2
1
tail head weight
5 6 532
6 5 532
4 6 483
6 4 483
4 5 58
5 4 58
3 6 584
6 3 584
3 5 520
5 3 520
3 4 533
4 3 533
2 6 825
6 2 825
2 5 782
5 2 782
2 4 801
4 2 801
2 3 275
3 2 275
1 6 179
6 1 179
1 5 412
5 1 412
1 4 356
4 1 356
1 3 628
3 1 628
1 2 893
2 1 893
