nnodes narcs type
8 28 digraph
nodename
8
7
6
5
4
3
2
1
tail head weight
7 8 321
8 7 321
6 8 202
8 6 202
6 7 217
7 6 217
5 8 480
8 5 480
5 7 216
7 5 216
5 6 298
6 5 298
4 8 138
8 4 138
4 7 188
7 4 188
4 6 161
6 4 161
4 5 371
5 4 371
3 8 248
8 3 248
3 7 247
7 3 247
3 6 323
6 3 323
3 5 463
5 3 463
3 4 164
4 3 164
2 8 884
8 2 884
2 7 579
7 2 579
2 6 791
6 2 791
2 5 575
5 2 575
2 4 747
4 2 747
2 3 693
3 2 693
1 8 134
8 1 134
1 7 244
7 1 244
1 6 68
6 1 68
1 5 360
5 1 360
1 4 126
4 1 126
1 3 289
3 1 289
1 2 823
2 1 823
