nnodes narcs type
11 55 digraph
nodename
11
10
9
8
7
6
5
4
3
2
1
tail head weight
10 11 179
11 10 179
9 11 572
11 9 572
9 10 722
10 9 722
8 11 901
11 8 901
8 10 1080
10 8 1080
8 9 496
9 8 496
7 11 719
11 7 719
7 10 840
10 7 840
7 9 223
9 7 223
7 8 643
8 7 643
6 11 161
11 6 161
6 10 200
10 6 200
6 9 712
9 6 712
6 8 983
8 6 983
6 7 874
7 6 874
5 11 414
11 5 414
5 10 541
10 5 541
5 9 711
9 5 711
5 8 787
8 5 787
5 7 923
7 5 923
5 6 348
6 5 348
4 11 216
11 4 216
4 10 260
10 4 260
4 9 502
9 4 502
4 8 929
8 4 929
4 7 588
7 4 588
4 6 368
6 4 368
4 5 612
5 4 612
3 11 386
11 3 386
3 10 559
10 3 559
3 9 242
9 3 242
3 8 527
8 3 527
3 7 453
7 3 453
3 6 501
6 3 501
3 5 470
5 3 470
3 4 407
4 3 407
2 11 341
11 2 341
2 10 466
10 2 466
2 9 687
9 2 687
2 8 813
8 2 813
2 7 892
7 2 892
2 6 273
6 2 273
2 5 75
5 2 75
2 4 545
4 2 545
2 3 445
3 2 445
1 11 317
11 1 317
1 10 139
10 1 139
1 9 857
9 1 857
1 8 1218
8 1 1218
1 7 963
7 1 963
1 6 291
6 1 291
1 5 638
5 1 638
1 4 375
4 1 375
1 3 699
3 1 699
1 2 564
2 1 564
