nnodes narcs type
10 45 digraph
nodename
10
9
8
7
6
5
4
3
2
1
tail head weight
9 10 899
10 9 899
8 10 572
10 8 572
8 9 378
9 8 378
7 10 688
10 7 688
7 9 411
9 7 411
7 8 164
8 7 164
6 10 1009
10 6 1009
6 9 213
9 6 213
6 8 440
8 6 440
6 7 387
7 6 387
5 10 507
10 5 507
5 9 533
9 5 533
5 8 162
8 5 162
5 7 189
7 5 189
5 6 561
6 5 561
4 10 863
10 4 863
4 9 701
9 4 701
4 8 480
8 4 480
4 7 330
7 4 330
4 6 593
6 4 593
4 5 400
5 4 400
3 10 1054
10 3 1054
3 9 170
9 3 170
3 8 504
8 3 504
3 7 487
7 3 487
3 6 130
6 3 130
3 5 644
5 3 644
3 4 720
4 3 720
2 10 720
10 2 720
2 9 542
9 2 542
2 8 284
8 2 284
2 7 140
7 2 140
2 6 481
6 2 481
2 5 222
5 2 222
2 4 196
4 2 196
2 3 595
3 2 595
1 10 512
10 1 512
1 9 763
9 1 763
1 8 399
8 1 399
1 7 372
7 1 372
1 6 759
6 1 759
1 5 237
5 1 237
1 4 374
4 1 374
1 3 858
3 1 858
1 2 303
2 1 303
